20 100 0.02229905128479004 inf
20 100 10800.08362698555 0.1500271788367458
20 100 732.6377840042114 0.0
20 100 0.013134002685546875 inf
20 100 782.0697109699249 0.0
40 200 10800.031529188156 0.26110806363137684
40 200 10800.039477825165 0.3537333787930447
40 200 10800.034945011139 0.2558639562157936
40 200 10800.040193080902 0.3834681042228212
40 200 10800.037248849869 0.18780960585828127
60 300 10800.091657161713 0.35211497631879796
60 300 10800.031613111496 inf
60 300 10800.027351140976 inf
60 300 10800.0305788517 inf
60 300 10800.02185702324 inf
80 400 10800.031418085098 inf
80 400 10800.070200920105 0.29602065613608747
80 400 10800.024693012238 inf
80 400 10800.031044006348 inf
80 400 10800.031521081924 inf
100 500 10800.039521932602 inf
100 500 10800.030688047409 inf
100 500 10800.03121304512 inf
100 500 10800.028198003769 inf
100 500 10800.047664880753 inf
